sample_start_ns,sample_end_ns,pid,read_bytes,write_bytes,cancelled_write_bytes,read_bytes_delta,write_bytes_delta
214003439760543,214003540201094,379098,0,186294272,0,0,147537920
214003540201094,214003640582874,379098,0,335052800,0,0,148758528
214003640582874,214003740990907,379098,0,484155392,0,0,149102592
214003740990907,214003841317985,379098,0,512008192,0,0,27852800
214003841317985,214003941680605,379098,0,512008192,0,0,0
214003941680605,214004042029586,379098,0,512012288,201768960,0,4096
214004042029586,214004142357985,379098,0,517136384,512004096,0,5124096
214004142357985,214004243042334,379098,0,517136384,512004096,0,0
214004243042334,214004343768748,379098,0,517136384,512004096,0,0
214004343768748,214004444964547,379098,6545408,517136384,512004096,6545408,0
214004444964547,214004547509302,379098,13549568,517136384,512004096,7004160,0
214004547509302,214004649792326,379098,19464192,517136384,512004096,5914624,0
214004649792326,214004752107721,379098,23752704,517136384,512004096,4288512,0
214004752107721,214004854574808,379098,30113792,517136384,512004096,6361088,0
214004854574808,214004957048188,379098,36278272,517136384,512004096,6164480,0
214004957048188,214005058904238,379098,42733568,517136384,512004096,6455296,0
214005058904238,214005161473083,379098,48218112,517136384,512004096,5484544,0
214005161473083,214005263931403,379098,53694464,517136384,512004096,5476352,0
214005263931403,214005366833162,379098,59056128,517136384,512004096,5361664,0
214005366833162,214005469302677,379098,66998272,517136384,512004096,7942144,0
214005469302677,214005571466502,379098,72765440,517136384,512004096,5767168,0
214005571466502,214005673752925,379098,79060992,517136384,512004096,6295552,0
214005673752925,214005776078345,379098,85549056,517136384,512004096,6488064,0
214005776078345,214005878140245,379098,91222016,517136384,512004096,5672960,0
214005878140245,214005980600409,379098,98693120,517136384,512004096,7471104,0
214005980600409,214006082507613,379098,105103360,517136384,512004096,6410240,0
214006082507613,214006184940884,379098,112398336,517136384,512004096,7294976,0
214006184940884,214006286417371,379098,119336960,517136384,512004096,6938624,0
214006286417371,214006388773672,379098,125952000,517136384,512004096,6615040,0
214006388773672,214006491765851,379098,132612096,517136384,512004096,6660096,0
214006491765851,214006594841596,379098,139509760,517136384,512004096,6897664,0
214006594841596,214006696965570,379098,146075648,517136384,512004096,6565888,0
214006696965570,214006799445258,379098,152588288,517136384,512004096,6512640,0
214006799445258,214006901935937,379098,159100928,517136384,512004096,6512640,0
214006901935937,214007004081336,379098,164655104,517136384,512004096,5554176,0
214007004081336,214007106425405,379098,171311104,517136384,512004096,6656000,0
214007106425405,214007209424274,379098,178622464,517136384,512004096,7311360,0
214007209424274,214007311673266,379098,185307136,517136384,512004096,6684672,0
214007311673266,214007414029075,379098,191807488,517136384,512004096,6500352,0
214007414029075,214007516185842,379098,200101888,517136384,512004096,8294400,0
214007516185842,214007618356656,379098,207839232,517136384,512004096,7737344,0
214007618356656,214007720563027,379098,214732800,517136384,512004096,6893568,0
214007720563027,214007821926937,379098,218034176,517136384,512004096,3301376,0
214007821926937,214007922243467,379098,218034176,517136384,512004096,0,0
214007922243467,214008022713738,379098,218034176,517136384,512004096,0,0
214008022713738,214008123992727,379098,218034176,517136384,512004096,0,0
214008123992727,214008225221292,379098,218034176,517136384,512004096,0,0
214008225221292,214008326534331,379098,218034176,517136384,512004096,0,0
214008326534331,214008427803657,379098,218034176,517136384,512004096,0,0
214008427803657,214008529222237,379098,218034176,517136384,512004096,0,0
214008529222237,214008630615402,379098,218034176,517136384,512004096,0,0
214008630615402,214008731789668,379098,218034176,517136384,512004096,0,0
214008731789668,214008833033824,379098,218034176,517136384,512004096,0,0
